14:14 
17 17 17 17 18 18 17 0 0 0 0 32 32 18 
17 0 0 0 32 32 17 0 17 18 0 17 18 18 
17 0 0 0 17 17 17 0 18 86 0 17 0 32 
17 0 17 0 0 0 0 0 17 18 17 17 0 32 
53 0 17 0 0 17 0 0 0 0 0 17 0 0 
0 0 17 0 0 17 17 17 0 0 0 17 0 0 
0 96 17 32 0 0 0 0 0 0 0 0 0 0 
17 17 17 32 0 0 0 17 17 0 0 17 17 17 
0 0 0 0 17 0 0 18 18 0 0 18 18 18 
32 0 0 17 17 0 0 32 32 96 0 0 0 0 
32 0 17 17 17 0 0 17 18 0 0 0 0 0 
17 0 96 17 17 0 0 17 18 17 17 17 0 0 
18 17 82 0 17 0 0 17 18 18 32 0 0 32 
18 18 17 64 17 0 0 17 18 56 0 0 32 32 