16:16 
17 17 17 17 17 17 17 17 17 17 17 17 17 17 17 17 
18 0 0 0 32 32 0 0 0 0 96 0 0 0 0 0 
18 0 17 96 18 17 17 17 17 17 17 17 17 0 32 0 
18 86 17 0 32 32 32 32 32 17 86 0 17 0 17 0 
17 17 17 0 17 17 17 0 17 18 17 0 17 0 17 0 
0 0 0 0 17 0 17 0 17 0 17 0 17 0 17 0 
18 18 17 17 17 0 17 20 17 0 17 0 17 32 17 17 
0 0 0 0 0 0 17 17 17 0 0 0 17 0 0 32 
32 0 17 17 17 0 0 0 0 0 17 17 17 17 32 32 
17 0 17 0 17 0 17 17 17 0 17 32 32 18 0 0 
17 0 17 0 17 0 0 86 17 0 17 17 0 0 0 0 
17 96 17 0 17 17 17 17 17 0 0 17 0 96 17 0 
32 0 17 0 0 0 0 0 0 0 0 17 0 0 17 0 
0 0 96 0 0 0 17 17 0 17 17 17 0 0 17 0 
0 0 0 18 17 0 17 18 0 32 32 32 0 0 17 82 
17 17 17 17 17 61 17 17 17 17 17 17 17 17 17 17 