14:14 
18 17 17 17 18 18 17 0 0 0 0 32 0 96 
18 0 17 0 32 32 17 32 17 18 0 17 0 18 
18 0 0 0 17 17 17 32 18 96 0 17 0 32 
18 0 17 0 0 0 0 0 17 18 0 17 0 32 
32 0 17 0 0 17 0 0 0 0 0 17 0 17 
86 96 17 0 58 17 17 17 0 17 17 17 0 17 
32 0 17 32 0 0 0 0 0 0 17 64 0 17 
0 17 17 32 17 17 17 0 0 0 17 17 17 17 
0 0 0 32 0 0 0 0 0 0 0 0 0 0 
0 17 17 0 17 0 0 32 32 17 17 17 0 0 
32 17 17 0 17 0 0 17 0 0 0 0 0 0 
0 0 0 0 17 0 96 17 84 17 17 17 0 0 
18 17 0 0 17 0 0 17 18 18 32 0 0 32 
18 18 17 55 17 0 0 17 18 18 18 86 32 32 